,0
0,0.47464478
1,0.016686141
2,0.59325254
3,7.599592e-06
4,0.14252868
5,0.025912434
6,0.19464427
7,0.09322587
8,0.40840352
9,0.019130468
10,0.2929175
11,0.2273702
12,0.3236996
13,0.83237004
14,0.0606485
15,0.00055477023
16,0.028930515
17,0.14033201
18,0.5044732
19,0.16318747
20,0.046839625
21,0.014225513
22,0.019024283
23,6.5267086e-06
24,0.018359572
25,0.22462344
26,0.0022702217
27,0.055357397
28,0.9522579
29,4.0084124e-05
30,0.03847277
31,0.0057139397
32,0.021735638
33,0.008828402
34,0.014684141
35,0.0328795
36,0.18434331
37,0.47994974
38,0.08300117
39,0.07884163
40,0.1300475
41,0.46248877
42,0.03771314
43,0.04677385
44,0.90578425
45,0.49515843
46,6.017089e-05
47,0.012505174
48,0.0985938
49,1.013279e-06
50,0.07574779
51,0.38771892
52,0.01562497
53,0.16976148
54,0.10411197
55,0.6903624
56,0.15678397
57,6.3180923e-06
58,0.3095623
59,3.2484531e-06
60,0.014545351
61,0.1089237
62,0.30836073
63,0.011763662
64,0.14746252
65,0.90753305
66,1.3560057e-05
67,0.6995177
68,0.13338429
69,0.4426686
70,0.14797929
71,0.33284557
72,0.01482743
73,0.21066687
74,0.00032156706
75,0.39614952
76,0.06190908
77,0.05278489
78,0.7598537
79,0.14036396
80,0.0009070635
81,0.24826607
82,0.0058547854
83,0.0055491924
84,0.279608
85,0.07319838
86,0.1143665
87,0.0024524927
88,0.0021293461
89,0.02461508
90,0.19815785
91,0.00049963593
92,0.2517016
93,0.33239836
94,2.5570393e-05
95,0.07689041
96,0.021675766
97,0.011911362
98,0.072954774
99,4.8577785e-06
100,0.017572045
101,0.39393717
102,0.0016723573
103,0.0030961335
104,0.13690913
105,0.18633303
106,0.41068545
107,0.02316621
108,5.0753355e-05
109,0.0075350106
110,0.013336748
111,0.23729596
112,0.002020657
113,0.5021494
114,0.07233739
115,0.67007416
116,0.0006804764
117,0.34842142
118,3.0994415e-06
119,0.06783891
120,0.0033381581
121,0.10702503
122,0.4640338
123,7.3611736e-06
124,0.008016467
125,0.024052888
126,0.088433415
127,0.5955401
128,0.035595655
129,0.30719
130,0.19075727
131,0.102941155
132,0.00060352683
133,0.0028443336
134,0.12362078
135,0.7824192
136,0.25091654
137,0.0783996
138,0.0012376308
139,0.111230195
140,0.08905491
141,0.56843024
142,0.2584167
143,0.042181432
144,0.12664557
145,0.82535803
146,0.8576108
147,0.057923734
148,0.22034338
149,0.027637541
150,0.0009327829
151,5.9604645e-08
152,0.10899207
153,0.4988414
154,0.0
155,0.16010457
156,0.7092212
157,0.008178711
158,0.17945462
159,0.16063258
160,0.71797943
161,0.20493418
162,0.36239788
163,0.13015452
164,0.005696833
165,0.36349642
166,0.0111299455
167,0.31718022
168,0.0007303357
169,0.5089626
170,0.0011675656
171,0.049878508
172,0.06965783
173,0.0020784438
174,0.010768414
175,0.0
176,0.6949817
177,0.04893288
178,0.00046783686
179,0.030116767
180,0.35522258
181,0.73566276
182,0.15160263
183,0.38727725
184,0.02157271
185,0.33389813
186,0.021589011
187,0.0028831065
188,0.21142137
189,0.05051577
190,1.3709068e-06
191,0.00011733174
192,0.018957347
193,0.6570587
194,0.528326
195,0.10668543
196,0.033190876
197,0.53035635
198,0.011847228
199,0.010808945
200,0.05235797
201,0.06338033
202,0.30126017
203,0.04110229
204,0.20527741
205,0.0028217137
206,0.000846982
207,0.04571739
208,0.2496565
209,0.087611824
210,9.319186e-05
211,0.25129038
212,0.013532817
213,0.038429707
214,0.2743361
215,0.15516186
216,0.012904316
217,0.8332055
218,0.0010084808
219,0.0023605227
220,0.14183316
221,0.403772
222,0.010502994
223,0.021219939
224,0.0017191768
225,0.0017006397
226,1.5199184e-06
227,0.0013679564
228,0.6179526
229,0.08829212
230,0.493573
231,0.12085402
232,0.15938151
233,0.0021569133
234,0.96190023
235,0.45016634
236,0.024337888
237,0.26017326
238,0.5677341
239,0.32560396
240,0.09537026
241,0.763303
242,0.015340328
243,0.100746125
244,0.011586398
245,0.4574591
246,0.0038361251
247,0.06823635
248,0.08952561
249,0.17485479
250,0.026669383
251,0.2840315
252,0.78495723
253,0.0014912784
254,0.030943245
255,0.07891813
256,0.020405918
257,0.9164785
258,0.3102847
259,0.5069947
260,0.008474886
261,0.06295565
262,0.38079125
263,0.0020921826
264,0.42063537
265,0.19644412
266,0.4057868
267,0.018236488
268,0.14682862
269,0.3725049
270,0.38493592
271,0.022133142
272,0.014144212
273,0.026875943
274,0.04390639
275,0.00055754185
276,0.008238196
277,0.00040620565
278,0.04649073
279,0.0
280,1.8179417e-06
281,0.0004964769
282,0.096945465
283,0.77607244
284,0.9557218
285,0.013394743
286,0.0045098662
287,0.021563679
288,0.8738191
289,2.9802322e-08
290,0.099580675
291,0.2125639
292,0.33400416
293,0.29190612
294,0.97778416
295,0.35386366
296,0.25672668
297,0.0014172196
298,0.040598184
299,0.023353636
300,1.8030405e-05
301,0.21586376
302,0.370107
303,0.18134817
304,0.036917478
305,0.5609865
306,0.00016349554
307,0.16113564
308,0.43891495
309,0.0044421554
310,0.07961753
311,6.6280365e-05
312,0.16999361
313,0.26816076
314,0.30926767
315,0.22348085
316,0.6741396
317,0.89511585
318,0.043411136
319,0.08357179
320,0.65705746
321,0.3770513
322,0.0020170808
323,0.0063435435
324,0.029961348
325,0.5819226
326,0.5732258
327,0.5436106
328,0.24504024
329,0.554577
330,0.16926116
331,0.0026257038
332,0.26225692
333,0.034504622
334,0.007481426
335,7.838011e-06
336,0.00030952692
337,0.023260534
338,0.20981294
339,0.07721457
340,0.00066819787
341,0.026474744
342,0.035752624
343,0.20150608
344,0.45338166
345,0.01921168
346,0.17391545
347,0.008457273
348,0.290725
349,0.5212444
350,0.61181957
351,0.003270924
352,0.1068404
353,0.00015768409
354,0.040846825
355,0.16703254
356,0.08240244
357,0.005134225
358,0.007526487
359,0.0046696663
360,5.942583e-05
361,0.008337259
362,0.1837179
363,0.08197221
364,1.0371208e-05
365,0.62838185
366,0.9427893
367,0.00027415156
368,0.48627192
369,0.29761076
370,0.000101715326
371,0.48109442
372,0.15576038
373,0.012318969
374,0.15811417
375,0.0026759803
376,4.172325e-07
377,0.35634
378,0.7207384
379,0.0
380,0.65693927
381,0.0018529594
382,0.044722497
383,0.040052474
384,0.0025946498
385,0.1487168
386,0.28137618
387,0.103572994
388,0.025219738
389,0.102045864
390,0.08866173
391,0.14896753
392,0.41485155
393,0.056886017
394,0.00011008978
395,0.46019527
396,0.008397698
397,0.072197884
398,0.36518836
399,0.96428305
400,0.00032690167
401,0.00014576316
402,0.14989564
403,0.042888045
404,0.31190073
405,0.0021948516
406,0.480353
407,0.16472983
408,0.012390852
409,0.07749939
410,0.37705606
411,0.4526557
412,0.7406728
413,0.0011022091
414,0.0065036714
415,0.004083365
416,0.061093926
417,0.00796175
418,0.74426216
419,0.56539047
420,0.056946427
421,0.9486886
422,0.1622794
423,0.5131049
424,0.39561707
425,0.01190719
426,0.26618743
427,0.6197287
428,0.7542684
429,0.13505173
430,0.1250307
431,0.3668437
432,0.00785467
433,0.3818162
434,0.1284383
435,0.04243058
436,0.14102507
437,0.8928292
438,0.15621027
439,0.0061073005
440,4.5984983e-05
441,0.02217111
442,0.13527599
443,0.041915327
444,0.03020215
445,0.07668236
446,0.0053103864
447,0.89158136
448,0.45259455
449,0.95969266
450,0.0015736222
451,0.04584387
452,0.7350452
453,0.00010558963
454,0.015701681
455,0.16321173
456,6.556511e-06
457,0.0010936856
458,0.03260967
459,0.0026336014
460,7.212162e-06
461,0.14478385
462,0.55938494
463,0.016156375
464,0.01569292
465,0.079205185
466,0.011025518
467,0.101196796
468,0.036976933
469,0.30350745
470,0.65918136
471,0.4728239
472,0.48084396
473,0.9728788
474,0.26040637
475,0.16672015
476,0.005372852
477,0.017887592
478,0.54776883
479,0.4611283
480,0.00021648407
481,0.026787996
482,0.26284298
483,0.18625858
484,0.15440515
485,0.00010204315
486,0.084537625
487,0.0032611787
488,0.00078198314
489,0.018454283
490,0.17149594
491,0.15126523
492,0.33762395
493,0.37350827
494,0.117063016
495,8.761883e-06
496,0.10400587
497,0.019437522
498,0.46118295
499,0.0012000501
500,0.08372119
501,0.59087074
502,0.16860753
503,0.19894516
504,0.1298897
505,0.0041298866
506,0.009514689
507,0.006427586
508,0.944834
509,0.7483227
510,0.022855103
511,0.044434756
512,0.07194674
513,0.0004043877
514,0.084056735
515,0.026771814
516,0.3591421
517,0.98314685
518,0.044927478
519,0.0
520,0.065017134
521,0.0671587
522,0.019417226
523,0.003695041
524,0.80269563
525,0.003620565
526,0.0
527,0.28386265
528,0.82910633
529,0.08555785
530,0.3980208
531,0.000667572
532,0.43591386
533,0.00611192
534,0.7087306
535,0.51949877
536,0.10075268
537,4.708767e-06
538,0.41641298
539,0.18186381
540,0.13441417
541,0.0133268535
542,9.196997e-05
543,0.66347677
544,0.3172277
545,0.057208955
546,0.10896447
547,0.014944285
548,0.022386193
549,0.08744329
550,0.02358973
551,0.29940593
552,0.83611536
553,0.18611997
554,0.5667616
555,0.0006955564
556,0.78600377
557,0.018990904
558,0.028967857
559,1.4901161e-07
560,0.5242314
561,0.0070177913
562,0.37069982
563,0.89915156
564,0.16767132
565,0.76856446
566,0.2867155
567,0.38457376
568,0.026042283
569,0.015310019
570,0.41381368
571,0.41042542
572,0.058719963
573,0.06094873
574,0.054985672
575,0.00029093027
576,0.0780493
577,0.18302292
578,0.014350653
579,0.39592683
580,0.062318027
581,0.3166448
582,0.0013302565
583,0.3803043
584,0.2936104
585,4.9471855e-06
586,0.3087989
587,0.015260667
588,0.01419872
589,0.0015631914
590,0.5782197
591,0.07074717
592,0.14618409
593,0.019897074
594,0.16592804
595,0.14710069
596,0.38325584
597,0.95653856
598,0.085265875
599,0.04091066
600,0.0
601,0.30464864
602,0.008277744
603,0.111519784
604,0.60411084
605,0.21824312
606,0.00020387769
607,0.3339507
608,0.034170598
609,0.26790392
610,0.6796513
611,0.00029879808
612,0.34608585
613,0.59796727
614,0.06048155
615,0.00042703748
616,0.11758208
617,0.43817297
618,0.49578753
619,0.1715548
620,0.010004342
621,0.7775452
622,0.094849914
623,0.66339517
624,0.07263258
625,0.31124535
626,0.3678946
627,0.33853537
628,0.35956123
629,0.7554102
630,0.009056121
631,0.9519882
632,0.08786309
633,2.6255846e-05
634,0.32759568
635,0.20414099
636,0.18614194
637,0.0036261678
638,0.38136432
639,0.0116046965
640,0.2997849
641,0.13300443
642,0.22255719
643,0.33049202
644,0.6050142
645,0.47552055
646,0.11465332
647,0.001480639
648,0.018290967
649,0.17105308
650,0.33459067
651,0.09773144
652,0.5413229
653,0.00891909
654,0.5666892
655,0.09877536
656,0.113842726
657,0.06388259
658,0.12948799
659,0.14940956
660,0.91066325
661,0.053867757
662,0.033320844
663,0.11410329
664,0.045507133
665,0.52125376
666,0.022578567
667,0.21746996
668,0.031143278
669,0.0016613305
670,0.6288584
671,0.54099864
672,0.00089508295
673,0.727981
674,0.047650486
675,0.0023133457
676,0.78837395
677,0.0005082488
678,0.060379475
679,0.7376698
680,0.0
681,0.017750293
682,0.032743663
683,0.005637884
684,4.23193e-06
685,0.1342234
686,0.00303486
687,8.833408e-05
688,0.13376114
689,0.10083833
690,0.0017291307
691,0.055997938
692,0.1686571
693,0.21465626
694,0.085461736
695,0.00095278025
696,0.26450354
697,8.612871e-06
698,0.24203625
699,0.33393174
700,0.00017312169
701,0.0016661584
702,0.4623389
703,0.47745144
704,0.50235987
705,0.00502187
706,0.40347007
707,0.004805535
708,0.7855917
709,0.41622475
710,0.014646679
711,0.0698567
712,0.7040085
713,0.039157808
714,0.3695725
715,0.0013338029
716,0.30812657
717,0.03162369
718,0.46801403
719,0.5118788
720,0.027985424
721,0.70717406
722,0.44104326
723,0.022929937
724,0.015885413
725,0.54281735
726,0.5103819
727,0.43086028
728,0.7007095
729,0.52399457
730,0.0052006245
731,0.049898505
732,0.061437666
733,0.0117634535
734,0.069117665
735,0.067071855
736,0.37603596
737,0.26363665
738,0.023918629
739,0.01605764
740,0.00025340915
741,0.018434972
742,0.23348978
743,0.2905826
744,1.1920929e-07
745,0.12470254
746,0.31134963
747,0.00076019764
748,0.00012046099
749,0.0
750,0.40808856
751,0.38133264
752,0.0012069046
753,0.0019970238
754,0.036732823
755,0.4748589
756,0.010076106
757,0.7465675
758,6.5624714e-05
759,0.00021407008
760,0.5091686
761,0.016534895
762,0.4266812
763,0.52043283
764,0.83604175
765,0.79877937
766,0.107672095
767,0.006316155
768,0.51806897
769,7.390976e-06
770,0.6751597
771,0.32950857
772,0.058222026
773,0.007506579
774,0.38670844
775,0.03411618
776,0.36907315
777,0.066498786
778,0.020786494
779,0.5776904
780,0.31153536
781,0.010011286
782,0.4143703
783,0.0011419654
784,0.0067614615
785,0.07784161
786,0.46065027
787,0.63074183
788,0.0024819076
789,0.18111598
790,0.2769276
791,0.05375278
792,0.1208491
793,0.021422982
794,0.7181343
795,0.021593243
796,0.23770148
797,0.8670689
798,0.00035211444
799,0.048273146
800,0.36512345
801,0.019451559
802,0.0011138916
803,0.011095762
804,0.0373967
805,0.035508543
806,0.53433317
807,0.88481116
808,0.08188528
809,0.08726847
810,0.74277043
811,0.06595674
812,0.19400737
813,0.33166322
814,0.016516715
815,0.0026124716
816,0.2565418
817,0.26713106
818,2.0861626e-06
819,0.033091575
820,0.0013419688
821,0.21960232
822,0.11416572
823,0.05056742
824,0.101189286
825,2.1398067e-05
826,0.699901
827,0.23339665
828,0.16906166
829,0.03910482
830,0.75747114
831,0.099025786
832,0.67115355
833,0.46526605
834,0.28111863
835,0.74475455
836,0.19758359
837,0.577508
838,0.06711322
839,0.010136098
840,0.64847124
841,0.57540196
842,0.0001565218
843,0.4828269
844,0.020507574
845,0.033456832
846,0.000117361546
847,0.001463592
848,0.7786006
849,0.0005373955
850,0.0064066947
851,0.61539376
852,0.15168291
853,0.2626419
854,0.0064963996
855,0.0041269064
856,0.3694771
857,0.5133255
858,0.78251743
859,0.019887418
860,0.2255826
861,0.5674659
862,0.009206265
863,0.31087342
864,2.0861626e-05
865,0.95448154
866,0.053441375
867,0.27668792
868,0.099505186
869,0.07063627
870,0.8860366
871,0.23482597
872,0.72558576
873,0.3663478
874,0.37774777
875,0.03504938
876,0.1516352
877,0.052889854
878,0.0928362
879,0.0001064837
880,0.46501368
881,0.6016837
882,0.2948137
883,8.991361e-05
884,0.00032308698
885,0.5858748
886,0.34780625
887,2.0116568e-05
888,0.3195221
889,2.2053719e-06
890,0.010836929
891,0.2634461
892,0.6966927
893,0.0001732409
894,0.07561648
895,0.8785003
896,0.10650307
897,0.6987094
898,0.0002695322
899,0.0013771355
900,0.5813736
901,0.017934233
902,0.03637165
903,2.8133392e-05
904,0.009198576
905,4.5895576e-05
906,0.01808694
907,0.6367905
908,0.21629
909,0.00585413
910,0.00016313791
911,0.10072407
912,0.1973894
913,0.71127415
914,0.37938604
915,0.62201345
916,0.17347461
917,0.22394863
918,0.4622039
919,0.079419196
920,0.045987606
921,0.008979142
922,0.532995
923,0.12856296
924,2.9802322e-08
925,0.083871365
926,0.015393943
927,0.6167626
928,0.07525489
929,0.0064567327
930,0.34688038
931,0.025055498
932,0.008003384
933,0.0
934,0.6442685
935,0.017775536
936,0.43368548
937,0.7595304
938,0.017909795
939,0.18162236
940,0.07185918
941,0.056056708
942,0.28044036
943,0.0
944,0.11654732
945,0.057190686
946,0.00019395351
947,0.024577528
948,0.43417782
949,0.074685216
950,0.34433937
951,0.13351834
952,0.018817425
953,0.036415517
954,0.0015338361
955,0.00060608983
956,0.07383597
957,0.83385825
958,0.071657896
959,0.015143871
960,4.7683716e-07
961,0.0024671853
962,0.12098792
963,0.0021274686
964,0.019162655
965,0.5366606
966,0.00064763427
967,0.024991691
968,0.3140871
969,0.5654365
970,0.49060354
971,0.035618156
972,0.8357303
973,0.00039547682
974,0.8140163
975,0.0002450347
976,6.556511e-07
977,0.022000343
978,0.31692865
979,0.42213252
980,0.06704813
981,0.52800477
982,0.005287528
983,0.35278124
984,0.07365289
985,0.00091445446
986,0.21183965
987,0.14147556
988,0.04640436
989,0.00180161
990,0.0064907074
991,0.09368971
992,0.0025079548
993,0.0
994,0.31271428
995,0.014476895
996,0.2149913
997,0.010621995
998,4.172325e-07
999,0.8160075
1000,0.00068977475
1001,0.5890452
1002,0.18810692
1003,0.18304089
1004,0.6534051
1005,0.012108535
1006,0.111242115
1007,0.2878539
1008,0.009002149
1009,0.21215251
1010,0.5985563
1011,0.03334853
1012,0.41644657
1013,0.6893192
1014,0.571658
1015,0.01342994
1016,0.37177056
1017,0.01271528
1018,0.5691197
1019,0.32052958
1020,0.56976885
1021,0.15190607
1022,0.8120321
1023,0.00018498302
1024,0.63479733
1025,0.027529567
1026,0.49770385
1027,0.05782324
1028,0.3084483
1029,0.6950705
1030,0.0044240654
1031,0.42545715
1032,0.15376168
1033,0.44406295
1034,5.7578087e-05
1035,0.17255926
1036,0.6219457
1037,0.17482966
1038,0.56782126
1039,0.006832421
1040,0.0015558898
1041,0.022104949
1042,0.10342994
1043,0.26452106
1044,0.8606738
1045,0.009408593
1046,0.0032196343
1047,0.32783565
1048,0.1011779
1049,0.86644304
1050,0.26518083
1051,0.00022229552
1052,0.10100263
1053,0.41535592
1054,0.5768325
1055,0.0011553764
1056,0.06804362
1057,0.0044324696
1058,0.058835715
1059,0.12090579
1060,0.514131
1061,0.039827198
1062,0.16218603
1063,0.2550947
1064,0.6691484
1065,0.58868617
1066,2.4855137e-05
1067,0.005661458
1068,0.018587977
1069,0.08448443
1070,0.25700447
1071,0.001199156
1072,0.029466748
1073,0.4048464
1074,0.0068029165
1075,0.595389
1076,0.08874115
1077,0.024699748
1078,0.96405053
1079,0.79912686
1080,0.35049543
1081,0.18098426
1082,0.02653411
1083,0.0012375414
1084,0.9166793
1085,0.09676376
1086,0.009182692
1087,0.056277364
1088,0.02980873
1089,0.22455585
1090,0.0029757917
1091,0.018733472
1092,0.24811688
1093,0.0101953745
1094,0.5376233
1095,0.30759752
1096,0.6691174
1097,0.0908128
1098,0.03347069
1099,0.037230134
1100,0.03839594
1101,0.41307548
1102,0.39044532
1103,0.098193824
1104,0.040888846
1105,0.1477375
1106,0.14118958
1107,0.69605696
1108,0.052585363
1109,0.00044038892
1110,0.06393209
1111,0.099889964
1112,0.2522212
1113,0.83404434
1114,0.02527833
1115,0.15597194
1116,0.21391559
1117,0.16529414
1118,0.14411524
1119,0.98406774
1120,0.059797883
1121,0.2644034
1122,0.76445615
1123,0.33198398
1124,0.09115577
1125,0.15025935
1126,0.65788484
1127,0.20200309
1128,0.01895672
1129,0.11018267
1130,0.4652967
1131,0.33365187
1132,0.33441585
1133,0.62710804
1134,0.00028908253
1135,0.07882649
1136,0.0019187331
1137,0.018635035
1138,0.04848677
1139,0.39828312
1140,0.41802415
1141,0.0
1142,0.8798889
1143,0.24946064
1144,0.25686708
1145,0.0014536679
1146,0.114406526
1147,0.026989281
1148,0.06531757
1149,1.1920929e-07
1150,0.01175043
1151,0.47050214
1152,0.54373574
1153,0.17687753
1154,0.31619358
1155,0.0
1156,0.013282716
1157,0.065714836
1158,0.25538272
1159,0.0006763637
1160,0.008687556
1161,0.015153855
1162,0.13839453
1163,0.06783208
1164,0.0047039986
1165,0.1121743
1166,0.7476957
1167,0.012304068
1168,0.039099276
1169,0.22987512
1170,0.87508404
1171,0.04178083
1172,0.20441845
1173,0.07574162
1174,0.23840505
1175,0.08913773
1176,0.002766341
1177,0.0025891662
1178,0.10949743
1179,0.58768284
1180,0.018607885
1181,0.21801597
1182,0.024138391
1183,0.00035485625
1184,0.0021619499
1185,0.026248693
1186,0.028334916
1187,0.05463323
1188,0.011772394
1189,0.72213906
1190,0.2283231
1191,0.03272453
1192,0.16892275
1193,0.02986604
1194,0.20749328
1195,0.0014036
1196,0.28039247
1197,0.49211633
1198,0.04709044
1199,0.010491043
1200,0.665091
1201,0.15155467
1202,0.31069562
1203,0.23832661
1204,0.34674048
1205,0.029128611
1206,0.19281363
1207,1.2516975e-06
1208,0.26315588
1209,0.00320822
1210,0.0
1211,0.25598964
1212,0.15370303
1213,0.055754036
1214,0.5702943
1215,0.0015690625
1216,0.028586298
1217,0.012549669
1218,0.11934468
1219,0.07971668
1220,0.109211534
1221,8.940697e-08
1222,0.44620177
1223,0.14736098
1224,0.16174334
1225,0.7085829
1226,0.37818748
1227,0.26945078
1228,0.39265916
1229,0.569097
1230,0.027336359
1231,0.018198997
1232,0.29841202
1233,0.1596173
1234,0.008879185
1235,0.0071240664
1236,0.8084091
1237,0.21175241
1238,0.2966993
1239,0.010651916
1240,0.079107165
1241,0.016867459
1242,0.1035645
1243,0.500147
1244,0.013145447
1245,0.020318776
1246,0.008205652
1247,0.1269863
1248,0.037806213
1249,0.07409197
1250,0.053935766
1251,0.6111417
1252,0.0006888509
1253,0.98979497
1254,0.17273203
1255,0.0233517
1256,0.8685342
1257,0.21351296
1258,0.0018353164
1259,0.017267436
1260,0.49171948
1261,0.021354586
1262,0.06256941
1263,0.0012111068
1264,0.9773782
1265,0.0038822591
1266,0.2718151
1267,0.4356561
1268,0.010810524
1269,0.097421736
1270,0.9817642
1271,0.23773554
